TauDEM/taudem1.0/test.asc
ncols         296
nrows         233
xllcorner     2438224.25
yllcorner     5855081
cellsize      30
NODATA_value  -9999
[rows 120 to 149 of 233, columns 201 to 267 of 296]
979.237 973.946 967.376 963.372 960.297 956.931 952.093 944.614 938.494 934.455 931.534 928.045 927.513 929.072 938.206 950.644 961.939 974.537 987.257 1000.63 1015.79 1032.37 1051.09 1071.07 1089.96 1108.05 1125.63 1142.26 1157.24 1168.36 1175.57 1179.28 1183.76 1191.43 1201.18 1210.63 1216.15 1218.71 1219.71 1219.73 1219.47 1219.15 1218.54 1217.42 1216.29 1217.35 1218.67 1219.72 1220.67 1221.07 1221.66 1223.31 1227.34 1232.89 1239.99 1248.68 1259.26 1271.14 1283.01 1297.46 1312.27 1327.48 1344.87 1363.24 1383.14 1405.81 1431.99
993.941 988.276 982.934 979.424 976.037 971.615 966.531 959.793 953.247 948.013 943.749 940.171 938.362 936.939 936.698 943.849 953.988 965.766 977.7 989.127 1003.86 1020.77 1039.66 1059.12 1077.31 1093.86 1109.26 1123.69 1136.87 1146.55 1152.85 1156.11 1161.79 1170.54 1179.59 1187.83 1191.89 1194.38 1196.28 1197.07 1197.85 1198.4 1198.48 1198.05 1197.6 1199.09 1201.33 1203.78 1206.83 1208.68 1211.18 1215.27 1221.11 1229.48 1239.07 1249.42 1261.01 1274.09 1285.48 1298.49 1312.57 1327.57 1345.24 1364.47 1385.38 1408.88 1435.61
1010.06 1003.93 999.33 995.293 990.463 985.378 980.567 974.036 966.721 960.729 954.753 950.541 947.461 943.628 940.599 943.226 948.161 959.949 971.394 981.658 993.467 1010.06 1028.63 1047.39 1064.59 1079.89 1093.62 1105.73 1116.58 1124.2 1129.46 1131.73 1137.62 1146.53 1155.09 1162.49 1165.9 1168.92 1171.5 1172.73 1174.8 1176.64 1177.94 1178.89 1180.46 1182.64 1187.2 1192.08 1197.43 1200.66 1205.57 1212.93 1221.19 1231.3 1241.93 1253.39 1265.12 1277.85 1289.27 1301.88 1317.26 1334.17 1352.62 1372.3 1393.64 1417.27 1443.28
1028.32 1021.06 1015.42 1009.89 1004.7 1000.31 995.485 988.762 981.419 974.333 965.979 960.687 957.072 951.98 947.462 946.305 953.484 962.504 971.934 980.342 990.04 1003.21 1019.52 1036.36 1052.2 1066.24 1078.73 1089.1 1097.21 1102.85 1106.69 1107.84 1112.61 1120.82 1128.99 1136.2 1140.26 1144.43 1148.01 1150.24 1153.45 1156.68 1159.72 1162.12 1164.95 1169.96 1177.66 1184.54 1191.96 1198.43 1205.83 1216.85 1227.4 1238.62 1250.03 1261.9 1273.79 1284.63 1295.77 1308.84 1325.49 1343.83 1363.03 1383.16 1405.19 1429.35 1455.19
1045.09 1036.94 1029.71 1023.88 1019.48 1014.71 1008.77 1001.98 994.933 986.623 978.268 971.64 967.251 962.449 958.617 957.65 962.193 969.7 977.747 983.87 990.603 999.841 1012.22 1025.59 1038.83 1052.19 1063.99 1073.05 1078.66 1082.89 1085.97 1087.55 1091.34 1098.4 1106.43 1113.47 1118.55 1124.43 1130.83 1135.91 1139.94 1143.34 1148.98 1154.07 1159.14 1164.73 1174.38 1183.37 1193.75 1203.79 1214.73 1226.17 1237.72 1249.4 1261.43 1273.52 1284.2 1294.63 1306.72 1322.06 1340.16 1359.47 1379.12 1399.42 1422.09 1446.51 1471.54
1059.74 1050.62 1042.78 1037.71 1033.37 1026.86 1020.69 1013.49 1005.78 997.028 988.503 982.115 978.381 974.525 969.857 968.25 971.825 978.805 985.694 990.261 994.065 998.803 1005.88 1016.93 1026.52 1037.9 1049.81 1057.4 1061.89 1065.8 1071.08 1076.74 1081.2 1086.12 1095.16 1101.92 1107.69 1114.04 1123.34 1131.31 1137.04 1142.24 1149.09 1155.63 1163.14 1172.5 1181.98 1192.13 1203.85 1216.23 1227.58 1238.98 1250.51 1262.59 1275 1286.52 1297.32 1308.41 1322.76 1340.29 1359.96 1380.45 1401.09 1422.22 1444.68 1467.91 1490.85
1073.65 1063.48 1055.18 1050.02 1045.97 1040.48 1033.77 1025.39 1016.61 1006.21 997.875 992.108 987.905 983.224 978.785 976.872 980.888 988.511 995.888 999.695 1001.86 1003.93 1008.78 1015.17 1021.08 1027.59 1038.17 1045.56 1051.61 1057.58 1064.84 1075.3 1081.31 1088.41 1096.93 1101.89 1106.98 1116.57 1126.8 1136.42 1143.72 1151.8 1158.14 1164.81 1174.51 1185.05 1195.95 1206.66 1219.57 1232.55 1243.26 1254.19 1265.55 1278.07 1290.08 1301.99 1313.98 1326.6 1342.78 1362.15 1383.54 1405.62 1427.68 1449.05 1470.06 1490.47 1510.39
1086.75 1076.64 1067.59 1062.76 1059.65 1055.4 1048.7 1039.83 1029.35 1018.26 1008.61 1002.88 997.609 991.023 985.746 984.082 990.091 998.715 1006.34 1011.22 1014.7 1016.37 1018.57 1021.39 1024.21 1029.28 1035.74 1041.66 1049.36 1058.12 1068.62 1079.75 1088.73 1097.56 1106.05 1113.17 1119.13 1127.35 1136.95 1146.47 1155.33 1163.24 1170.08 1177.97 1188.11 1199.86 1212.1 1223.77 1237.08 1249.86 1260.4 1271.15 1282.89 1295.57 1307.23 1320.16 1333.71 1347.79 1365.52 1386.57 1409.62 1433.23 1455.68 1476.31 1494.98 1511.19 1526.4
1100.06 1090.36 1082.48 1077.99 1074.79 1070.46 1064.3 1055.5 1043.65 1032.16 1022.91 1016.39 1007.95 999.107 993.664 994.039 1001.03 1009.91 1017.85 1022.98 1026.57 1028.46 1030.79 1034.54 1037.41 1040.01 1042.93 1047.73 1055.12 1065.33 1077.99 1089.7 1100.1 1109.4 1118.3 1126.4 1133.94 1141.25 1149.56 1158.66 1167.69 1176.1 1183.22 1191.61 1202.26 1214.76 1227.36 1240.1 1253.26 1265.33 1276.73 1288.34 1301.12 1314.31 1326.21 1339.91 1354.78 1370.64 1390 1412.59 1436.84 1460.76 1482.66 1501.5 1517.24 1528.37 1536.78
1114.39 1105.04 1098.61 1094.68 1091.53 1086.5 1080.52 1071.42 1058.51 1046.13 1037.14 1028.92 1018.59 1007.03 1001.61 1004.2 1013.26 1022.06 1029.81 1035.72 1038.69 1040.31 1042.92 1047.91 1052.52 1054.8 1056.35 1059.44 1066.18 1077.95 1091.21 1102.8 1113.79 1122.72 1131.51 1140.15 1148.01 1155.68 1163.11 1171.74 1180.97 1189.6 1197.75 1205.87 1216.66 1228.75 1241.58 1254.65 1267.02 1279.13 1291.43 1304.66 1319.13 1333.2 1345.7 1360.14 1376.29 1394.34 1415.26 1438.86 1463.52 1487.33 1507.92 1523.56 1535.8 1539.33 1536.03
1129.28 1120.69 1114.82 1112.49 1109.71 1103.86 1096.97 1085.98 1072 1059.16 1049.69 1041.08 1030.33 1017.71 1010.39 1015.76 1025.22 1034.51 1041.17 1046.62 1049.62 1051.86 1055.44 1061.08 1065.57 1067.8 1069.24 1072.34 1079.71 1091.62 1104.33 1116.45 1127.34 1136.85 1145.39 1154.46 1162 1169.59 1177.59 1186.05 1195.94 1204.46 1213.33 1221.41 1231.23 1242.86 1255.6 1267.91 1279.98 1292.36 1305.84 1321 1336.71 1351.43 1364.83 1380.2 1397.74 1417.67 1439.72 1463.84 1488.83 1512.43 1530.58 1540.63 1550.08 1542.78 1528.71
1144.94 1136.21 1129.32 1127.08 1124.51 1119.3 1111.86 1099.42 1083.88 1069.77 1059.83 1051.07 1039.35 1028.19 1023 1028.21 1037.29 1045.68 1051.96 1057.41 1060.58 1063.52 1068.16 1075.35 1079.31 1081.32 1082.61 1085.34 1092.51 1103.75 1116.84 1129.33 1140.83 1150.96 1160.25 1168.76 1176.59 1184.09 1192.81 1202.12 1212.34 1220.93 1229.51 1238.01 1247.05 1258.54 1270.47 1282.31 1294.17 1306.94 1321.76 1337.79 1353.65 1368.49 1383.36 1399.95 1418.95 1439.64 1462.08 1486.48 1511.66 1534.71 1550.17 1556.06 1553.05 1536.47 1515.24
1161.23 1151.83 1144.9 1141.51 1137.86 1131.56 1122.91 1110.56 1094.26 1079.35 1066.65 1055.42 1044.68 1036.52 1034.98 1041.04 1049.41 1057 1062.26 1067.64 1072.34 1077.33 1083.1 1090.24 1093.39 1096.17 1098.16 1100.51 1106.14 1116.88 1129.6 1142.69 1155.19 1165.88 1176.16 1184 1191.76 1200.17 1209.45 1219.36 1229.44 1238.87 1247.66 1256.75 1265.77 1277.07 1288.5 1300.34 1311.75 1324.87 1339.81 1355.35 1370.43 1385.72 1402.16 1420.06 1439.45 1459.92 1481.77 1505.57 1530.12 1550.21 1558.73 1556.45 1543.21 1521.87 1497.67
1176.7 1167.35 1160.97 1156.08 1149.79 1141.56 1131.32 1117.68 1100.9 1084.81 1070.56 1056.97 1044.95 1041.88 1045.32 1054.59 1062.48 1068.8 1073.66 1078.83 1084.24 1090.72 1097.62 1103.44 1106.27 1109.78 1113.28 1116.02 1120.97 1130.72 1143.51 1157.45 1170.34 1182.4 1193.58 1201.28 1208.54 1217.74 1227.4 1238.02 1248.54 1259.23 1269.16 1278.34 1287.49 1299.02 1311.05 1323.03 1334.28 1346.69 1360.49 1374.58 1388.81 1404.59 1421.7 1440.08 1459.22 1478.66 1498.89 1521.46 1543.15 1557.99 1558.05 1546.4 1527.58 1504.1 1479.79
1190.97 1183.13 1176.48 1169.23 1160.83 1151 1139.03 1123.7 1106.35 1089.93 1074.34 1059.32 1049.26 1047.93 1057.36 1069.08 1077.33 1082.26 1086.26 1091.98 1098.59 1105.16 1112.52 1118.41 1121.39 1123.84 1126.81 1130.01 1135.65 1145.59 1159.18 1173.42 1186.37 1199.68 1211.82 1220.23 1227.88 1237.13 1246.82 1258.54 1270.47 1281.91 1292.95 1302.29 1311.67 1323.55 1336.21 1348.18 1359.71 1371.72 1384.19 1396.87 1410.29 1425.73 1442.36 1460.42 1478.84 1496.68 1514.51 1534.41 1551.6 1559.31 1550.16 1533.45 1512.2 1488.53 1465.12
1204.39 1198.36 1190.58 1181.5 1171.46 1160.09 1146.92 1130.77 1112.63 1094.88 1077.4 1062.17 1056.17 1059.53 1070.92 1082.68 1092.23 1097.63 1101.93 1107.63 1114.7 1121.51 1128.73 1134.86 1138.46 1140.5 1142.51 1145.67 1151.92 1162.74 1176.46 1190.13 1203.18 1216.76 1229.55 1239.59 1248.8 1258.11 1268.03 1280.52 1293.53 1305.57 1317.49 1327.55 1337.34 1349.41 1362.21 1374.27 1386.05 1398.3 1410.35 1422.25 1434.54 1448.37 1464.01 1481.49 1499.09 1515.16 1531.03 1546.91 1555.66 1553.1 1541.09 1522.45 1500.02 1476.23 1453.41
1217.66 1212.68 1203.87 1193.43 1181.64 1168.66 1154.31 1136.75 1117.76 1099.17 1081.3 1066.35 1064.06 1071.03 1083.56 1095.99 1105.59 1112.15 1118 1123.54 1130.42 1137.9 1144.69 1150.74 1155.93 1158.96 1161.57 1165.7 1172.59 1182.59 1195.15 1207.65 1219.97 1232.49 1245.37 1257.89 1269.33 1279.62 1290.47 1303.52 1316.78 1329.04 1340.82 1351.79 1361.96 1373.98 1386.64 1399.41 1411.61 1424.23 1436.65 1448.67 1460.19 1472.12 1486.61 1503.5 1520.49 1534.95 1546.68 1556.98 1558.11 1547.4 1532.09 1512.2 1488.85 1464.94 1442.79
1228.54 1224 1216.23 1204.73 1191.52 1176.68 1159.69 1140.39 1121.15 1103.88 1088.51 1074.78 1074.38 1083.8 1097.16 1109.41 1119.38 1126.62 1134.1 1140.14 1146.4 1154.21 1160.65 1166.39 1173.02 1177.82 1182.25 1188.28 1195.32 1203.55 1213.98 1224.88 1236.48 1247.98 1261.48 1275.32 1288.27 1300.9 1313.79 1327.34 1339.89 1351.55 1362.6 1373.47 1383.5 1395.1 1407.66 1420.56 1433.64 1446.86 1460.59 1474.03 1485.92 1496.81 1509.75 1525.66 1541.44 1552.83 1556.92 1559.56 1553.18 1539.88 1522.26 1501.1 1477.71 1454.59 1433.01
1238.84 1234.12 1226.86 1215.3 1199.94 1182.65 1163.54 1142.41 1123.14 1107.84 1095.48 1086.35 1087.81 1098.11 1111.77 1123.88 1134.6 1142.61 1150.39 1157.53 1163.72 1170.93 1177.64 1183.05 1189.35 1195.91 1202.55 1210.58 1217.58 1224.24 1231.88 1241.39 1252.61 1264.15 1278.07 1292.38 1306.85 1321.96 1336.75 1350.63 1362.22 1372.99 1382.94 1392.72 1402.2 1412.95 1424.84 1437.6 1451.02 1465.49 1481.16 1496.51 1509.79 1520.46 1531.95 1546.37 1559.48 1564.32 1553.82 1557.34 1546.27 1530.48 1511.69 1490 1467.13 1445.03 1424.12
1249.13 1243.44 1236.17 1223.35 1206.13 1187.11 1165.2 1142.88 1123.91 1110.28 1099.44 1094.73 1099.39 1111.4 1125.74 1138.98 1150.17 1159.56 1167.69 1176.02 1182.57 1189.29 1196.12 1201.01 1206.21 1213.21 1221.57 1230.99 1238.74 1244.94 1249.47 1257.38 1267.62 1280.05 1294.77 1309.85 1325.95 1342.53 1357.85 1371.61 1382.86 1393.28 1402.06 1410.28 1418.51 1427.85 1438.74 1450.93 1464.81 1480.89 1498.06 1514.99 1529.69 1540.91 1551.52 1564.13 1573.91 1573.93 1565.03 1554.72 1537.87 1518.88 1499.09 1478.4 1457.35 1436.78 1416.77
1259.8 1253.02 1243.72 1229.95 1210.3 1187.71 1164.01 1141.77 1123.55 1111.57 1100.73 1100 1108.81 1123.68 1139.72 1154.27 1166.29 1177.53 1186.76 1195.82 1203.08 1210.37 1216.61 1220.93 1225.42 1231.49 1240.16 1249.71 1258.87 1265.69 1268.04 1273.42 1282.49 1295.44 1311.27 1328.11 1344.88 1361.04 1376 1389.14 1400.55 1410.49 1419.05 1425.67 1432.03 1440.08 1449.98 1461.73 1476.16 1492.91 1510.61 1528.57 1544.6 1557.27 1567.1 1576.37 1579.88 1575.12 1560.75 1544.9 1524.96 1504.75 1485.46 1466.45 1447.26 1428.02 1408.89
1269.8 1260.87 1248.44 1231.51 1209.4 1185.29 1161.58 1139.76 1121.56 1109.1 1101.1 1104.82 1118.4 1136.1 1153.49 1168.85 1182.61 1195.57 1206.09 1215.45 1223.64 1231.97 1237.93 1242.29 1247.24 1252.62 1259.86 1268.5 1278.69 1286.29 1287.83 1290.68 1298.23 1310.41 1327.39 1345.22 1361.62 1377.01 1390.94 1403.6 1415.14 1424.6 1433.26 1438.65 1443.37 1450.8 1460.06 1471.16 1484.67 1501.2 1519.69 1538.69 1556.09 1569.36 1577.71 1580.86 1578.62 1568.54 1552.03 1532.29 1510.98 1491.05 1473.51 1456.81 1439.49 1420.86 1401.07
1276.95 1266.67 1250.77 1229.79 1206.14 1182.16 1159.27 1138.38 1121.19 1110.8 1107.73 1114.39 1129.49 1148.21 1165.76 1182.03 1197.27 1211.31 1222.6 1232.58 1242.29 1251.7 1258.35 1263.44 1269.28 1274.46 1280.5 1288.52 1299.21 1307.75 1310.03 1311.27 1315.66 1327.28 1343.62 1360.22 1376.2 1390.43 1403.34 1415.44 1425.81 1435.41 1443.07 1448.88 1454.14 1461.61 1470.66 1481.33 1494.33 1509.89 1528.2 1547.35 1565.2 1578.23 1582.96 1580.1 1571.94 1558.08 1539.8 1519.4 1498.75 1479.74 1462.89 1447.42 1431.75 1413.45 1393.17
1279.97 1270.22 1251.92 1228.26 1203.11 1179.27 1157.49 1138.16 1123.25 1117.09 1117.06 1125.57 1141.06 1159.03 1176.62 1193.45 1208.93 1223.47 1236.45 1247.49 1258.89 1268.9 1277.13 1283.35 1289.67 1295.24 1301.4 1309.53 1320.52 1329.9 1333.44 1334.27 1336.78 1346.91 1361.07 1376.03 1389.96 1402.55 1413.94 1423.82 1432.84 1441.81 1450.44 1457.86 1464.36 1473.62 1483.04 1493.88 1506.84 1522.54 1540.14 1558.24 1575.61 1586.82 1587.66 1579.59 1565.43 1547.95 1528.47 1508.19 1488.16 1469.75 1453.08 1437.36 1421.74 1403.59 1383.97
1283.34 1270.34 1249.67 1224.94 1199.45 1176 1155.66 1138.64 1127.02 1124.02 1127.65 1138.82 1153.9 1170.02 1186.23 1202.69 1218.92 1234.84 1249.21 1262.16 1274.59 1285.09 1295.03 1303.03 1310.55 1316.71 1323.33 1331.84 1342.59 1352.08 1356.29 1357.41 1359.46 1367.55 1379.52 1392.21 1403.9 1414.41 1422.32 1431.19 1439.83 1448.59 1457.77 1466.53 1475.47 1486.1 1497.68 1508.94 1522.64 1537.78 1553.65 1569.17 1585.58 1595.85 1592.93 1580.48 1562.72 1543.06 1522.95 1502.78 1482.32 1461.93 1443.02 1426.67 1410.5 1393.57 1375.56
1284.17 1267.33 1245.42 1221.05 1196.05 1172.42 1153.23 1139.04 1131.62 1135.53 1141.67 1152.99 1166.58 1181.67 1197.26 1212.83 1228.77 1245.66 1261.88 1276.56 1289.49 1301.17 1312.42 1322.96 1332.69 1340.25 1347.88 1355.89 1365.26 1373.86 1378.11 1379.65 1381.85 1388.22 1398.57 1409.29 1419.02 1426.8 1432.97 1440.21 1448.15 1456.5 1465.88 1476.7 1488.23 1501.24 1514.16 1525.78 1539.44 1553.15 1567.68 1581.77 1595.45 1601.66 1597.2 1582.16 1562.7 1542.2 1522.11 1502.32 1481.05 1457.79 1435.49 1417.49 1400.41 1383.64 1367.19
1282.3 1262.69 1240.33 1216.35 1191.88 1168.93 1151.06 1139.46 1135.78 1142.93 1153.26 1164.73 1178.2 1193.42 1208.65 1224.21 1241.12 1258.89 1275.98 1291.21 1304.68 1317.45 1329.81 1342.62 1353.93 1362.73 1371.44 1378.96 1386.85 1393.98 1398.13 1400.1 1402.66 1408.45 1417.36 1426.26 1434.55 1440.51 1445.17 1451.55 1459.24 1467.75 1478.66 1490.34 1504 1517.32 1529.14 1539.68 1552.37 1564.09 1576.9 1588.81 1599.73 1604.19 1599.18 1583.86 1564.29 1543.66 1523.69 1504.26 1482.12 1458.05 1433.33 1412.97 1394.41 1377.83 1362.34
1278 1256.43 1233.46 1209.69 1185.92 1164.72 1149.57 1140.99 1141.97 1151.89 1162.82 1174.82 1188.35 1204.02 1220.09 1236.35 1254.07 1272.66 1290.52 1306.82 1321.28 1334.53 1347.7 1360.83 1372.75 1382.17 1391.1 1397.94 1404.47 1410.38 1415.07 1417.78 1420.93 1426.34 1434.23 1441.73 1448.93 1455.31 1460.14 1465.62 1473.59 1483.29 1494.61 1506.62 1520.12 1531.9 1538.88 1544.09 1553.67 1563.94 1575.32 1586.17 1596.95 1602.69 1599.77 1586 1567.48 1546.64 1525.4 1504.89 1483.44 1459.51 1434.75 1412.98 1393.25 1375.94 1360.33
1269.45 1246.74 1223.63 1200.76 1179.49 1161.76 1150.55 1146.36 1150.14 1160.16 1172.17 1185.3 1200.15 1215.85 1231.65 1247.31 1265.55 1285.39 1305.22 1323.18 1338.68 1351.88 1364.27 1376.93 1388.3 1398.02 1406.26 1412.78 1418.98 1424.08 1428.54 1431.84 1435.93 1440.81 1447.92 1455.52 1462.12 1469.2 1475.86 1481.96 1489.69 1499.97 1509.94 1520.57 1532.05 1537.17 1537.44 1535.44 1540.65 1550.62 1560.99 1572.02 1584.22 1594.95 1597.79 1588.1 1572.11 1551.31 1528.28 1505.81 1483.76 1461.03 1437.9 1415.99 1395.51 1376.8 1359.9
1257.72 1235.57 1213.27 1191.95 1173.91 1160.25 1153.11 1152.84 1159.03 1169.61 1182.51 1196.8 1211.85 1226.59 1241.85 1258.49 1277.8 1298.96 1320.29 1339.62 1355.68 1368.22 1379.57 1391.1 1402.08 1411.83 1420.15 1426.38 1433.02 1438.63 1442.09 1444.53 1448.3 1453.04 1459.85 1467.43 1474.7 1482.64 1490.67 1498.08 1505.72 1513.91 1519.08 1524.5 1529.73 1530.65 1524.39 1518.62 1521.29 1528.95 1538.43 1549.22 1562.67 1577.46 1587.37 1586.19 1573.3 1554.48 1532 1509.33 1487.48 1465.69 1443.23 1420.79 1399.2 1379.13 1360.89
