TauDEM/taudem1.0/test.asc
ncols         296
nrows         233
xllcorner     2438224.25
yllcorner     5855081
cellsize      30
NODATA_value  -9999
[rows 30 to 59 of 233, columns 134 to 200 of 296]
1527.18 1542.72 1557.92 1570.97 1580.32 1585.31 1590 1599.88 1614.94 1631.45 1643.74 1654.86 1659.77 1660.08 1654.94 1644.25 1633.19 1628.7 1631.71 1636.43 1624.88 1618.23 1616.02 1618.57 1623.04 1629.07 1637.1 1640.95 1637.16 1623.95 1606.55 1585.6 1564.96 1546.27 1526.38 1502.7 1475.46 1446.17 1417.52 1391.82 1370.68 1354.51 1340.05 1329.73 1324.15 1323.97 1328.89 1335.27 1340.7 1346.69 1353.63 1359.92 1365.36 1372.24 1383.45 1402.62 1427.79 1455.19 1481.65 1506.04 1528.19 1549.32 1568.43 1581.2 1578.75 1566.18 1546.9
1533.88 1547.43 1563.47 1578.92 1590.72 1596.64 1599.09 1601.31 1610.72 1620.79 1630.37 1640.32 1649 1656.25 1657.07 1652.01 1640.99 1636.19 1632.25 1625.16 1611.82 1603.02 1599.65 1601.32 1607.26 1617.13 1628.12 1636.73 1633.29 1620.93 1601.94 1578.98 1556.73 1537.91 1518.2 1495.31 1469.56 1442.69 1416.98 1393.58 1373.09 1355.06 1338.59 1325.96 1319.72 1321.78 1328.88 1338.02 1345.15 1352.24 1358.66 1362.19 1366.01 1372.46 1384.16 1404.39 1430.74 1459.06 1485.73 1508.48 1526.17 1542.79 1559.61 1572.88 1569.78 1561.28 1544.8
1542.01 1554.22 1569.24 1583.83 1595.79 1598.49 1596.34 1592.53 1595.69 1601.8 1609.46 1619.64 1630.15 1639.74 1643.5 1638.37 1628.26 1620.94 1613.32 1603.45 1591.4 1583.26 1580.66 1583.75 1592.94 1605.91 1619.74 1628.39 1626.47 1616.3 1597.06 1573.04 1549.44 1529.03 1508.77 1485.94 1461.41 1436.67 1412.69 1390.31 1369.71 1350.71 1333.18 1318.97 1311.66 1316.76 1325.55 1336.52 1346.15 1355.87 1360.74 1363 1366.14 1372.67 1385.07 1406.25 1433.3 1462.06 1488.32 1509.15 1524.05 1537.38 1551.41 1566.57 1572.43 1555.33 1543.05
1553.04 1565.63 1576.29 1584.14 1589.75 1589.33 1581.7 1574.07 1573.42 1577.3 1584.84 1595.04 1606.26 1615.27 1618.23 1613.02 1603.62 1595.31 1586.86 1577.75 1568.18 1561.46 1560.33 1565.39 1577.71 1594.03 1610.16 1619.4 1618.29 1609.4 1589.91 1565.35 1540.68 1517.93 1495.98 1472.94 1449.24 1425.26 1401.28 1378.61 1357.69 1338.59 1321.8 1308.92 1302.76 1307.92 1317.29 1328.35 1339.14 1349.7 1357.06 1360.16 1364.19 1371.71 1385.28 1407.23 1433.86 1461.37 1486.26 1505.2 1520.06 1532.72 1545.95 1561.39 1568.91 1559.27 1546.63
1564.89 1574.99 1575.05 1575.37 1574.77 1570.61 1561.4 1553.34 1550.93 1553.54 1560.57 1569.69 1580.12 1587.24 1588.59 1583.64 1575.13 1567.12 1559.04 1551.11 1543.88 1538.69 1539.1 1545.5 1559.26 1577.15 1595.23 1607.94 1609.27 1598.4 1578.69 1554.26 1528.4 1503.51 1480.02 1456.68 1432.95 1408.73 1384.33 1361.23 1340.43 1322.43 1307.73 1296.92 1292.56 1297.58 1305.69 1316.43 1326.88 1338.16 1347.3 1353.43 1359.72 1368.89 1383.83 1405.57 1430.7 1456.11 1479.68 1498.59 1514.52 1529.03 1544.1 1560.17 1569.79 1564.09 1552.6
1565.18 1565.01 1560.11 1555.42 1551.92 1547.37 1540.69 1535.04 1532.86 1534.42 1539.38 1546.4 1554.6 1559.82 1559.73 1555.23 1547.92 1540.93 1533.54 1526.04 1520.3 1516.93 1517.94 1524.61 1538.25 1555.82 1574.21 1588.56 1591.91 1581.86 1562.99 1539.04 1512.64 1486.46 1461.68 1437.39 1412.8 1387.89 1363.43 1340.94 1321.2 1305.03 1292.43 1282.94 1281.28 1286.78 1294.6 1303.74 1314 1324.9 1335.81 1344.73 1353.53 1364.66 1381.19 1402.07 1425.17 1448.67 1471.23 1491.09 1508.1 1525.68 1544.95 1563.52 1575.85 1571.84 1559.68
1546.93 1543.43 1537.19 1531.22 1526.87 1523.24 1519.63 1516.92 1515.97 1517.13 1520.73 1526.48 1532.98 1536 1533.9 1529.42 1523.52 1517.88 1511.32 1504.08 1499.04 1496.7 1497.73 1504.14 1516.85 1533.27 1550.37 1564.97 1570.5 1562.46 1545.15 1521.97 1495.5 1468.63 1442.72 1417.1 1391.22 1365.87 1342.18 1321.15 1303.56 1288.82 1276.88 1268.71 1269.74 1276.37 1283.97 1292.01 1301.4 1312.12 1323.48 1335.34 1347.19 1361.34 1379.4 1400.12 1422.2 1444.59 1465.98 1486.12 1506.01 1526 1548.24 1568.17 1579.33 1577.91 1566
1524.51 1520.79 1515.58 1509.09 1504.19 1501.02 1499.03 1498.01 1498.05 1499.69 1503.72 1509.82 1515.06 1516.07 1512.2 1507.45 1502.43 1497.92 1492.67 1485.4 1480.38 1478.77 1481.01 1486.54 1498.17 1512.7 1527.94 1541.76 1548.86 1542.99 1527.56 1505.29 1479.16 1452.19 1425.41 1398.47 1371.64 1346.33 1323.59 1304.53 1288.34 1274.46 1262.79 1256.28 1257.68 1264.36 1272.16 1279.28 1288.55 1299.47 1311.6 1325.15 1340.51 1358.12 1378.4 1400.23 1422.84 1445.67 1466.97 1487.38 1509.32 1531.74 1555.02 1573.21 1582.38 1581.75 1571.92
1503.64 1500.06 1496.03 1490.5 1485.03 1481.44 1479.77 1479.36 1480.02 1482.49 1487.84 1494.26 1498.39 1499.11 1495.79 1490.68 1484.79 1480.07 1475.78 1470.02 1464.92 1463.41 1465.87 1472.86 1484.08 1497.12 1509.73 1521.46 1528.84 1524.89 1510.82 1489.39 1464.79 1438.76 1411.59 1383.94 1356.78 1331.58 1309.58 1291.29 1275.43 1261.34 1250.03 1243.07 1243.31 1250.05 1256.59 1263.56 1274.13 1286.23 1299.91 1316.06 1334.06 1354.5 1377.71 1401.84 1426.08 1449.95 1472.23 1493.44 1516.42 1540.75 1562.81 1575.12 1582.44 1582.85 1575.81
1485.83 1481.63 1478.29 1474.31 1469.25 1464.9 1462.97 1462.63 1463.49 1466.24 1471.86 1477.59 1481.45 1483.2 1480.86 1475.9 1469.38 1463.69 1460.41 1457.68 1454.89 1454.61 1457.87 1464.51 1475.86 1487.03 1497.38 1506.11 1510.91 1508.23 1494.46 1474.49 1452.18 1427.48 1400.69 1373.19 1346.47 1321.96 1300.18 1281.09 1264.27 1250.08 1238.7 1230.76 1228.31 1233.24 1238.71 1245.89 1257.82 1272.2 1287.69 1306.49 1327.48 1350.91 1376.98 1404.08 1430.52 1455.5 1479.11 1501.57 1523.98 1545.97 1564.18 1570.61 1576.62 1577.64 1573.08
1469.83 1465.12 1461.71 1458.33 1454.86 1451.35 1449.65 1449.35 1450.09 1452.15 1455.87 1460.01 1463.68 1466.72 1464.8 1459.54 1453.24 1447.53 1445.61 1445.78 1446.09 1447.81 1452.58 1460.17 1469.94 1479.46 1487.52 1493.28 1495.67 1492.27 1479.58 1461.77 1441.14 1417.56 1391.5 1364.67 1338.61 1314.34 1292.28 1272.41 1254.82 1239.91 1228.05 1219.28 1214.95 1216.69 1221.29 1228.9 1241.73 1258.06 1276.34 1297.48 1321.03 1346.84 1375.09 1404.35 1432 1457.77 1482.52 1505.22 1525.29 1541.68 1554.72 1560.66 1562.78 1563.16 1561.32
1455.09 1451.22 1447.09 1442.35 1439.17 1437.01 1436.05 1435.92 1436.28 1437.19 1438.9 1441.19 1443.85 1446.34 1445.14 1440.35 1434.19 1429.65 1429.5 1432.92 1436.01 1439.78 1446.32 1455.11 1463.95 1472.08 1478.27 1481.39 1481.5 1476.79 1465.14 1449.52 1430.58 1407.86 1382.67 1356.52 1330.34 1305.38 1282.34 1261.5 1243.69 1229.17 1217.32 1207.61 1201.49 1201.17 1206.7 1215.78 1228.74 1246.05 1265.83 1289.16 1315.32 1343.35 1373.08 1402.76 1429.77 1454.68 1478.48 1498.85 1515.59 1527.84 1536.67 1541.88 1543.8 1545.1 1546.54
1441.33 1438.49 1433.8 1427.15 1423 1420.41 1419.18 1418.86 1418.95 1419.28 1420.01 1421.24 1422.94 1424.62 1424.3 1420 1414.07 1409.48 1410.43 1415.82 1421.04 1427.43 1435.77 1444.85 1455.09 1463.26 1468.25 1470.6 1469.27 1463.02 1452.16 1437.34 1418.85 1397.11 1372.9 1347.12 1321.01 1295.87 1271.93 1250.05 1232.21 1217.73 1205.7 1195.83 1189.01 1187.72 1195.19 1206.24 1220.46 1238.32 1258.16 1282.62 1310.35 1340.26 1371.02 1400.18 1425.62 1448.28 1469.1 1486.93 1500.48 1509.98 1517.34 1521.82 1524.38 1527.56 1532.22
1428.76 1425.78 1420.16 1413.86 1408.73 1404.23 1401.57 1400.53 1400.17 1399.98 1400.14 1400.75 1401.82 1402.99 1402.83 1398.97 1393.48 1389.44 1391.73 1397.44 1403.81 1411.82 1421.31 1431.79 1442.58 1452.82 1458.66 1460.61 1458.77 1451.77 1440.67 1425.63 1407.04 1385.39 1361.32 1335.82 1309.95 1284.88 1260.93 1238.56 1219.9 1204.88 1192.92 1182.78 1177.31 1177.73 1185.48 1198.68 1213.54 1230.58 1251.89 1277.39 1306.02 1337.33 1369.11 1397.89 1421.62 1441.86 1459.55 1474.21 1485.24 1493.8 1499.89 1503.96 1507.29 1511.95 1516.75
1415.79 1413.04 1406.6 1400.94 1395.76 1390.23 1385.74 1383.62 1382.31 1380.95 1380.13 1379.9 1380.21 1380.88 1380.79 1376.62 1371.1 1368.53 1372.25 1378.32 1386.06 1395.35 1405.65 1417.04 1427.86 1438.95 1446.93 1450.23 1448.62 1441.66 1430.96 1416.4 1397.42 1374.71 1349.39 1323.07 1297.21 1272.12 1247.76 1225.15 1206.04 1190.41 1178.18 1168.94 1164.41 1167.88 1177.91 1192.42 1207.71 1224.63 1246.25 1272.06 1301.37 1333.72 1366.01 1394.26 1415.93 1433.62 1448.49 1460.74 1470.86 1478.73 1484.58 1489.64 1493.46 1497.22 1499.77
1399.33 1397.7 1393.18 1387.94 1382.01 1376.9 1372.61 1369.88 1367.05 1363.15 1360.28 1358.27 1356.95 1356.29 1355.08 1350.83 1346.71 1346.03 1350.7 1357.67 1367.3 1378.51 1390.33 1402.02 1413.29 1424.24 1434.32 1439.37 1438.88 1432.43 1422 1407.57 1388.06 1363.93 1337.25 1309.88 1283.35 1257.88 1233.5 1211.15 1191.54 1175.29 1162.83 1154.85 1151.64 1156.86 1168.09 1183.32 1199.42 1217.59 1239.03 1264.6 1294.08 1326.26 1357.91 1385.26 1405.32 1420.35 1433.74 1444.54 1454.4 1462.72 1469.93 1475.86 1479.53 1482.01 1482.67
1381.33 1380.73 1378.1 1373.81 1367.26 1361.83 1358.45 1356.18 1352.63 1346.11 1340.37 1335.5 1331.64 1329.37 1327.48 1324.53 1322.35 1322.88 1327.58 1335.47 1347.31 1360.9 1374.81 1387.23 1398.52 1409.07 1419.86 1427.15 1428.32 1422.9 1413.53 1399.21 1379.1 1353.91 1325.99 1297.73 1270.12 1243.93 1219.68 1197.41 1177.34 1160.35 1147.61 1139.39 1137.53 1143.49 1156.07 1171.83 1189.32 1208.91 1230.62 1256.1 1284.42 1314.04 1343.13 1369.05 1389.29 1403.38 1413.86 1423.1 1432.99 1442.75 1452.07 1459.04 1463.67 1466.73 1465.92
1363.28 1362.75 1360.52 1356.85 1350.97 1344.64 1341.29 1339.35 1335.9 1328.86 1320.2 1311.96 1305.9 1302.49 1300.82 1299.75 1299.29 1300.6 1305.22 1314.01 1327.57 1342.99 1358.41 1372.29 1383.54 1394.44 1404.93 1414.32 1417.43 1413.21 1404.28 1389.82 1369.42 1343.82 1315.09 1285.98 1257.73 1231.26 1206.97 1184.45 1163.74 1146.11 1133.02 1123.6 1122.11 1129.93 1143.52 1160.2 1178.8 1199.66 1223.13 1248.49 1274.36 1299.83 1324.61 1347.45 1366.1 1378.77 1387.42 1395.62 1405.91 1417.35 1429.07 1438.32 1445.11 1449.77 1448.05
1345.12 1343.11 1341.13 1337.32 1331.04 1324.75 1321.56 1320.11 1317.16 1310.48 1299.83 1289.12 1281.92 1277.85 1276.64 1277.21 1278.04 1280.2 1285.57 1295.32 1308.66 1324.64 1340.52 1355.32 1368.03 1378.43 1388.31 1398.61 1403.73 1400.76 1391.91 1375.86 1355.85 1331.09 1303.26 1274.55 1246.57 1220.6 1196.46 1173.71 1152.38 1134.07 1119.77 1109.96 1108.44 1118.18 1133.04 1150.14 1169.53 1192.11 1216.52 1240.94 1263.72 1285.04 1305.53 1324.64 1340.43 1351.14 1358.38 1365.81 1376.12 1388.74 1401.75 1413.14 1421.9 1427.41 1425.45
1327.42 1324.2 1322.08 1317.19 1309.82 1302.97 1299.53 1298.59 1296.45 1290.04 1279.15 1267.91 1260.61 1256.87 1256.04 1256.98 1258.32 1261.23 1267.8 1277.76 1290.37 1304.68 1320.05 1334.51 1347.7 1358.78 1369.1 1380.52 1388.26 1387.01 1375.91 1357.77 1339.09 1315.77 1289.37 1261.61 1234.3 1208.9 1185.08 1162.62 1141.93 1123.59 1109.19 1100.26 1099.81 1108.79 1123.27 1141.11 1161.49 1184.54 1208.67 1231.76 1252.61 1271.2 1288.49 1304.67 1318.01 1326.94 1333.02 1339.36 1347.97 1359.65 1372 1383.84 1393.57 1399.41 1397.81
1312.1 1307.26 1304.28 1297.16 1287.98 1279.8 1275.06 1273.36 1271.96 1267.17 1258.14 1248.2 1241.32 1237.96 1237.36 1238.26 1239.5 1242.54 1249.72 1259.25 1271.01 1283.07 1296.38 1309.66 1322.57 1334.33 1346.32 1358.59 1367.15 1367.2 1356.71 1339.85 1320.05 1296.92 1271.02 1243.99 1217.43 1193.04 1170.94 1150.15 1131.12 1113.57 1099.28 1091.04 1091.43 1099.99 1113.95 1131.9 1151.96 1174.01 1197.16 1219.59 1239.76 1257.78 1274.32 1288.98 1300.96 1309.53 1315.06 1320.1 1324.81 1332.22 1341.77 1352.28 1361.6 1367.14 1366.49
1297.56 1291.29 1285.34 1276.95 1266.28 1257.92 1251.62 1248.5 1246.69 1243.24 1237.53 1230.63 1224.07 1220.42 1219.91 1221.2 1221.89 1223.71 1229.65 1238.73 1249.43 1259.81 1271.04 1283.22 1295.74 1308.33 1321.58 1334.06 1342.85 1343 1333.07 1317.13 1297.39 1274.29 1248.47 1221.55 1196.06 1173.78 1152.76 1134.18 1116.62 1100.35 1087.27 1080.12 1082.3 1091.39 1104.4 1120.7 1139.18 1160.01 1182.85 1205.82 1226.21 1244.14 1260.58 1275.52 1287.53 1296.07 1300.28 1302.69 1304.81 1308.7 1314.98 1323.22 1330.9 1335.32 1335.79
1283.23 1275.46 1266.41 1256.6 1245.8 1238.12 1232.31 1227.94 1224.19 1220.92 1218.28 1214.74 1209.71 1205.5 1205.04 1207.53 1207.23 1206.66 1210.07 1217.64 1226.53 1235.88 1245.84 1257.78 1270.29 1283.24 1296.79 1309.16 1318.04 1317.33 1306.93 1290.83 1271.26 1248.15 1222.28 1195.82 1171.31 1150.09 1130.98 1114.82 1099.16 1084.83 1073.25 1067.35 1073.83 1083.83 1096.29 1110.02 1125.82 1144.85 1166.87 1190.74 1213.04 1231.89 1248.04 1262.84 1275.34 1283.84 1287.88 1289.45 1290.48 1292.21 1295.61 1300.98 1307.06 1309.17 1311.12
1270.65 1261.05 1250.53 1239.24 1228.45 1221.51 1216.98 1213.38 1207.51 1204.19 1202.15 1200.56 1198.21 1195 1193.77 1195.15 1194.68 1192.93 1193.75 1197.96 1204.33 1212.84 1222.15 1233.93 1246.28 1259.23 1272.46 1284.9 1293.29 1291.73 1280.11 1262.75 1242.84 1219.8 1194.5 1169.27 1146.14 1125.97 1108.56 1094.1 1079.96 1067.53 1056.94 1053.44 1063.51 1075.85 1088.04 1100.44 1114.71 1132.21 1153.21 1177.67 1201.71 1222.15 1238.6 1251.99 1263.16 1272.09 1276.16 1277.76 1278.9 1279.4 1280.3 1282.36 1285.52 1288.51 1293.42
1259.73 1249.34 1238.15 1226.13 1216.09 1208.75 1203.51 1200.2 1195.39 1191.69 1189.91 1189.14 1188.12 1185.64 1182.74 1181.92 1180.92 1179.15 1178.05 1179.41 1184.18 1192.65 1201.33 1211.83 1223.44 1236.23 1249.02 1261.5 1269.18 1266.29 1253.24 1235.15 1214.32 1191.56 1167.58 1144.21 1122.74 1103.77 1087.39 1073.43 1059.73 1048.41 1040.04 1041.32 1053.2 1068.23 1080.55 1092.39 1106.19 1124.38 1144.51 1169.42 1194.45 1215.61 1230.97 1242.25 1251.23 1258.11 1262.14 1264.78 1267.81 1268.44 1268.45 1268.98 1270.91 1274.83 1281.19
1249.94 1239.72 1228.74 1217.45 1207.2 1199.45 1194.05 1190.74 1186.14 1181.79 1179.93 1179.32 1179 1177.59 1174.14 1171.31 1169.05 1166.1 1162.68 1161.75 1165.41 1173.52 1181.89 1191.81 1202.41 1214.43 1226.75 1238.65 1245.01 1240.41 1226.3 1207.85 1187.17 1165.31 1143.11 1121.74 1102.04 1084.37 1068.62 1053.93 1039.82 1029.39 1024.96 1029.15 1043.22 1058.74 1072.5 1085 1099.47 1117.21 1139.3 1164.56 1189.58 1210.67 1224.71 1234.09 1240.32 1245.1 1250.15 1254.34 1257.8 1258.8 1258.95 1259.38 1261.14 1266.33 1274.96
1240.78 1231.37 1220.97 1209.75 1199.65 1191.54 1185.85 1181.82 1178.89 1174.72 1171.58 1169.73 1169.17 1168.18 1165.34 1161.42 1158.49 1154.71 1149.57 1146.19 1148.72 1155.78 1163.88 1173.44 1182.79 1193.87 1205.23 1215.92 1220.51 1214.78 1200.42 1182.56 1162.63 1141.94 1121.46 1102.06 1084.22 1067.9 1052.2 1036.4 1022.05 1012.85 1011.94 1018.88 1032.89 1048.51 1062.43 1077.37 1094.78 1115.06 1138.41 1163.04 1186.82 1205.8 1218.57 1226.29 1231.06 1235.58 1240.48 1244.97 1247.64 1248.86 1250.16 1252.42 1256.25 1262.17 1273.25
1231.96 1223.9 1214.7 1203.28 1193.45 1185.4 1180.31 1176.65 1173.43 1169.27 1164.86 1161.44 1160.44 1159.56 1157.02 1151.99 1147.75 1142.66 1137.71 1133.41 1133.83 1139.41 1147.23 1155.49 1163.55 1173.78 1183.96 1193.34 1196.78 1190.81 1176.87 1159.73 1140.6 1121.08 1102.31 1084.94 1068.99 1053.47 1037.34 1021.56 1008.74 1003.34 1002.07 1008.77 1021.26 1036.6 1052.01 1069.45 1090.9 1114.62 1138.63 1162.45 1184.59 1201.28 1211.97 1218.44 1222.17 1227.12 1232.27 1236.96 1238.92 1240.68 1243.86 1248.9 1255.33 1263.83 1277.35
1222.03 1215.69 1207.46 1198.48 1189.42 1181.72 1178.15 1174.12 1170.06 1165.85 1160.75 1156.92 1154.38 1151.82 1147.87 1142.54 1138.49 1132.99 1127.27 1122.2 1121.4 1124.71 1131.52 1137.57 1144.18 1153.33 1162.71 1171.16 1175.02 1169.84 1156.67 1139.28 1120.52 1102.13 1085.23 1069.92 1055.17 1039.85 1024.18 1009.79 999.148 994.718 995.111 1001.03 1011.94 1026.68 1043.31 1063.28 1087.16 1112.94 1137.17 1160.41 1180.95 1196.14 1204.86 1209.72 1214 1219.34 1224.45 1228.48 1231.37 1236.31 1241.78 1250.16 1259.49 1270.13 1283.39
1213.42 1206.78 1200.45 1194.36 1187.88 1182.52 1179.15 1173.14 1167.57 1163.15 1158.99 1154.1 1150.2 1146.29 1141.26 1135.93 1130.93 1125.28 1119.21 1113.56 1110.84 1111.71 1115.4 1119.4 1125.2 1133.8 1142.54 1150.46 1155.01 1150.7 1137.39 1119.75 1101.54 1084.47 1069.56 1055.54 1041.36 1027.04 1012.7 999.299 990.347 988.264 991.311 997.889 1007.42 1021.52 1037.86 1058.45 1081.9 1107.26 1131.94 1155.26 1175 1188.34 1196.09 1199.68 1205.32 1212.06 1218.64 1223.77 1229.86 1237.85 1246.14 1256.87 1268.19 1280.33 1293.45
