TauDEM/taudem1.0/test.asc
ncols         296
nrows         233
xllcorner     2438224.25
yllcorner     5855081
cellsize      30
NODATA_value  -9999
[rows 180 to 209 of 233, columns 67 to 133 of 296]
1187.94 1169.97 1160.12 1161.57 1169.95 1178.75 1188.23 1202.46 1219.87 1238.42 1256.47 1273.04 1287.53 1300.97 1312.75 1324.08 1335.66 1346.29 1356.07 1365.04 1374.39 1381.52 1389.64 1402.13 1417.45 1433.05 1447.02 1459.57 1471.65 1482.84 1492.34 1498.28 1502.79 1506.28 1508.76 1512.71 1518.55 1525.62 1531.62 1534.68 1532.87 1528.96 1523.97 1520.03 1518.42 1518.72 1521.3 1527.14 1536.19 1548.34 1560.67 1572.38 1581.03 1587.94 1593.26 1595.05 1592.4 1588.93 1588.97 1594.31 1605.52 1618.68 1627.43 1633.27 1637.17 1638.58 1639.8
1207.2 1191.64 1182.28 1182.78 1190.45 1198.91 1208.9 1223.31 1240.28 1257.96 1274.71 1289.95 1302.59 1314.7 1325.45 1337.23 1349.06 1360.82 1372.68 1384.22 1394.54 1401.27 1408.07 1419.4 1433.31 1447.25 1460.5 1472.87 1485.46 1498.37 1509.64 1519.05 1526.69 1532.55 1536.73 1541.64 1546.72 1552.2 1556.82 1558.96 1557.88 1554.42 1549.27 1545.61 1544.74 1545.77 1548.97 1555.53 1565.14 1576.27 1586.69 1596.55 1603.47 1609.06 1613.19 1612.67 1607.01 1602.73 1602.62 1607.84 1618.31 1629.65 1632.42 1634.66 1635.89 1634.53 1631.61
1227.31 1213.54 1203.61 1203.85 1211.43 1220.48 1231.5 1246.09 1261.91 1278.17 1293.26 1305.76 1316.9 1327.56 1338.28 1349.82 1362.11 1375.18 1389.4 1404.31 1416.16 1422.76 1427.81 1436.94 1448.64 1461.58 1474.49 1486.54 1500.06 1513.87 1526.39 1538.81 1549.46 1558.05 1564.77 1570.99 1574.95 1577.88 1580.08 1581.05 1580.31 1577.92 1574.4 1572.1 1573.13 1575.11 1578.16 1583.98 1592.68 1601.18 1608.41 1614.89 1618.42 1619.92 1619.87 1615.86 1609.55 1605.7 1605.42 1608.73 1614.98 1618.42 1626.34 1628.19 1625.09 1619.7 1612.1
1247.24 1232.97 1224.88 1225.52 1233.47 1243.78 1256 1270.04 1283.21 1297.68 1310.38 1320.03 1329.39 1339.41 1350.31 1362.4 1375.69 1389.76 1406.61 1424.1 1438.3 1445.14 1447.95 1454.53 1464.67 1477.14 1489.33 1501.74 1515.44 1529.41 1543.66 1558.37 1571.49 1582.28 1590.85 1597.25 1598.54 1598.14 1597.73 1597.39 1596.57 1595.24 1594.42 1595.14 1598.9 1601.65 1603.8 1606.95 1612.8 1617.07 1620.31 1622.25 1621.89 1619.68 1615.57 1610.01 1603.42 1600.37 1599.55 1600.01 1602.68 1606.08 1608.36 1606.79 1601.19 1593.61 1585.05
1268.69 1254.96 1247.92 1248.91 1257.1 1268.82 1281.6 1294.62 1305.82 1316.79 1325.69 1333.01 1341.22 1351.17 1362.75 1375.83 1389.56 1404.75 1422.45 1441.85 1457.86 1465.33 1467.51 1472.87 1482.75 1494.83 1506.26 1518.66 1531.8 1545.94 1561.61 1577.79 1592.73 1604.83 1614.39 1619.21 1615.07 1609.81 1605.8 1603.31 1601.29 1600.18 1602.59 1608.34 1614.71 1617.01 1618.17 1619.4 1621.01 1621.91 1621.73 1619.76 1615.68 1610.74 1604.93 1600.41 1595.54 1591.93 1589.23 1586.18 1585.29 1585.72 1583.68 1578.77 1571.12 1562.73 1554.72
1291.49 1279.4 1273.41 1274.58 1282.41 1294.75 1306.88 1317.44 1326.49 1335.1 1341.21 1346.56 1354.39 1364.6 1377.12 1390.37 1404.35 1419.78 1437.37 1455.59 1471.39 1480.71 1486.41 1493.69 1503.65 1515.49 1526.65 1538.43 1550.8 1564.83 1580.53 1596.53 1611.56 1623.95 1632.47 1633.02 1622.81 1613.27 1606.39 1602.84 1600.15 1599.39 1600.43 1604.38 1611.77 1616.78 1618 1617.56 1616.3 1614.83 1612.53 1607.99 1600.39 1596.63 1592.27 1589.41 1585.92 1582.05 1578.47 1573.11 1567.7 1563.44 1557.75 1549.72 1540.26 1531.68 1524.26
1312.64 1303.55 1299.29 1301.05 1308.77 1320.69 1331.3 1339.14 1345.71 1353.01 1358.44 1363.36 1370.72 1381.51 1394.29 1407.73 1421.93 1436.7 1451.69 1467.3 1482.7 1495.41 1505.95 1516.17 1526.96 1539.14 1550.71 1561.87 1573.74 1586.29 1600.44 1615.21 1628.22 1638.51 1641.73 1636.69 1623.14 1610.66 1602.22 1599.57 1597.44 1596.42 1596.26 1597.47 1600.27 1602.45 1602.53 1600.8 1597.47 1594.69 1591.9 1588.2 1583.5 1580.36 1578.26 1577.07 1575.27 1571.74 1567.38 1560.63 1552.36 1543.38 1533.83 1522.91 1511.97 1503.2 1495.56
1331.49 1325.61 1323.52 1326.29 1334.09 1344.83 1353.63 1359.46 1364.28 1370.43 1376.89 1383.04 1391.35 1402.07 1414.96 1428.81 1442.24 1455.29 1467.53 1481.47 1496.52 1511.59 1525.87 1539.39 1551.97 1564.88 1576.99 1588.06 1598.74 1608.64 1620.08 1632.04 1643.14 1649.76 1646.35 1634.76 1619.53 1605.57 1597.91 1594.93 1593.33 1591.97 1590.16 1587.94 1585.74 1584.51 1582.55 1579.57 1574.97 1571.31 1568.03 1565.07 1562.54 1561.16 1560.7 1560.52 1560.01 1558.41 1555.12 1548.01 1537.88 1525.65 1512.96 1499.66 1487.44 1478.14 1469.82
1347.22 1345.46 1345.94 1349.78 1357.13 1365.64 1373.37 1378.51 1382.86 1388.54 1396.46 1404.33 1413.79 1424.46 1437.71 1451.63 1464.13 1475.52 1486.04 1498.57 1513.25 1530.32 1547.29 1563.73 1577.96 1590.68 1602.02 1612.95 1621.54 1627.82 1635.18 1644.07 1654.45 1658.23 1648.74 1632.25 1615.05 1601.17 1593.36 1590.19 1588.79 1586.86 1583.17 1577.88 1572.6 1568.31 1563.71 1559.93 1555.78 1551.66 1547.07 1543.52 1541.52 1541.05 1541.51 1541.68 1541.82 1541.45 1539.46 1533.62 1522.78 1509.17 1494.05 1478.65 1465.55 1455.85 1447.49
1361.84 1362.5 1365.12 1370.4 1377.74 1384.48 1391.26 1396.78 1402.18 1408.42 1417.15 1426.17 1435.91 1446.44 1459.71 1473.4 1485.11 1496.12 1506.43 1518.34 1533.66 1551.68 1570.08 1587.62 1602.15 1612.21 1620.75 1630.96 1635.67 1637.09 1639.26 1647.65 1657.72 1657.84 1646.09 1627.26 1609.01 1595.83 1588.04 1585.18 1584.05 1581.15 1574.95 1565.88 1558.77 1553.19 1546.96 1542.76 1539.03 1535.08 1529.73 1524.5 1521.55 1520.88 1521.61 1521.7 1522.2 1522.62 1521.58 1516.56 1506.3 1491.85 1474.73 1458.37 1444.68 1434.45 1426.34
1377.66 1379.19 1383.02 1389.36 1397.44 1403.25 1409.39 1415.36 1422.3 1429.21 1437.86 1446.99 1456.84 1467.26 1480.3 1493.59 1504.8 1516.07 1526.85 1539.69 1555.6 1573.71 1592 1608.73 1620.76 1623.82 1627.41 1637.16 1638.96 1635.75 1631.54 1640.36 1649.52 1650.25 1638.1 1620.29 1602.84 1589.67 1581.79 1579.72 1578.68 1573.92 1563.91 1552.92 1543.56 1537.41 1532.16 1528.08 1523.62 1519.16 1513.63 1506.88 1502.1 1500.19 1499.98 1500.33 1501.37 1502.61 1502.41 1497.28 1487.39 1471.92 1454.16 1437.12 1423.52 1413.26 1404.96
1393.68 1396.22 1401.62 1409.09 1416.4 1421.95 1427.89 1434.75 1441.43 1448.63 1457.56 1466.77 1476.67 1487.04 1499.47 1512.14 1523.33 1535.06 1546.48 1560.64 1577.16 1595.04 1611.51 1625.74 1634.27 1636.79 1638.27 1634.67 1628.73 1624.38 1623.02 1629.9 1636.22 1635.36 1624.76 1609.87 1594.69 1582.14 1575.44 1574.47 1571.44 1562.81 1551.25 1538.74 1527.65 1520.85 1516.96 1514.01 1509.4 1503.48 1496.68 1488.61 1482.3 1478.92 1477.36 1477.33 1478.58 1480.42 1481.14 1476.01 1464.45 1448.49 1430.69 1413.67 1400.59 1390.71 1382.65
1411.01 1414.54 1421.09 1429.26 1435.98 1440.77 1445.9 1453.1 1459.72 1466.88 1476.42 1485.79 1495.73 1506.21 1517.32 1528.72 1540.38 1552.76 1565.36 1580.85 1597.94 1614.51 1627.82 1636.53 1639.54 1638.47 1633.6 1625.69 1618.94 1614.51 1614.46 1618.28 1620.4 1618.1 1609.55 1596.95 1583.35 1572.23 1564.92 1562.05 1557.62 1549.03 1537.13 1523.76 1511.93 1503.47 1499.53 1497.52 1494.33 1488.1 1479.48 1469.74 1462.16 1457.04 1453.33 1452.07 1452.53 1453.56 1453.1 1447.06 1435.2 1419.93 1402.92 1386.88 1374.23 1364.65 1357.88
1432.14 1435.71 1441.42 1448.56 1455.21 1459.65 1464.09 1470.77 1477.94 1485.56 1495.59 1505.13 1515.1 1524.92 1534.49 1544.63 1556.16 1568.56 1582.66 1599.22 1616.01 1630.05 1637.19 1638.24 1630.16 1627.83 1622.5 1615.64 1608.91 1604.11 1604.59 1605.83 1604.56 1601.04 1594.22 1583.36 1572.17 1562.71 1556.28 1551.02 1543.7 1535 1522.57 1508.97 1496.01 1485.59 1480.76 1479.06 1477.13 1472.12 1462.82 1452.46 1442.83 1435.4 1429.22 1425.99 1424.4 1422.83 1419.16 1411.02 1399.38 1385.44 1370.26 1355.76 1343.8 1335.29 1332.32
1454.88 1458.08 1462.79 1468.59 1474.72 1478.84 1482.79 1489.06 1496.74 1505.15 1516.07 1526.7 1537.23 1545.94 1553.6 1562.1 1571.74 1583.47 1598.25 1615.07 1630.24 1637.8 1637.8 1631.72 1622.64 1617.71 1611.78 1605.63 1599.28 1594.82 1594.7 1594.13 1590.99 1585.99 1580.01 1571.37 1562.45 1555.26 1549.29 1542.76 1533.88 1522.26 1508.91 1494.58 1480.14 1468.35 1462.29 1460.28 1458.88 1454.84 1446.27 1435.71 1424.27 1414.53 1406.27 1400.32 1395.08 1389.04 1380.7 1369.96 1358.3 1345.71 1332.77 1320.7 1311.01 1305.84 1308.03
1478.39 1481.44 1485.93 1490.89 1495.33 1498.71 1502.09 1507.93 1516.22 1525.72 1538.01 1550.5 1562.08 1570.91 1577.34 1582.68 1588.79 1598.76 1612.8 1629.05 1640.06 1639.35 1629.36 1622.4 1614.53 1607.81 1601.23 1595.47 1588.44 1582.94 1581.11 1579.88 1578.32 1574.4 1568.78 1561.45 1554.59 1548.44 1542.34 1534.3 1522.74 1509.67 1495.48 1480.5 1465.89 1454.07 1446.5 1443.53 1441.76 1437.77 1429.75 1419.03 1406.76 1395.28 1384.16 1374.12 1363.69 1351.97 1339.33 1326.79 1315.1 1303.68 1292.89 1283.79 1278.34 1278.46 1285.25
1501.68 1505.06 1510.28 1514.8 1517.38 1519.67 1522.4 1527.79 1536.79 1547.34 1560.77 1574.8 1587.29 1597.28 1603.48 1605.5 1607.96 1614.76 1628.39 1643.28 1651.69 1645.11 1631.44 1620.35 1609.27 1599.94 1591.58 1584.45 1577.15 1571.58 1568.77 1566.62 1566.84 1564.45 1559.33 1552.76 1546.77 1540.51 1533.62 1523.01 1510.29 1496.23 1481.48 1467.49 1454.26 1442.7 1435.34 1431.22 1428.1 1422.64 1414.31 1403.18 1390.27 1376.32 1361.49 1346.27 1330.24 1313.8 1298.35 1284.76 1273.17 1262.71 1254.04 1248.27 1246.96 1251.88 1262.88
1522.05 1526.03 1532.4 1537.34 1539.92 1541.66 1544.38 1550.05 1559.35 1570.33 1583.76 1597.91 1610.49 1620.88 1626.7 1626.13 1626.16 1630.54 1643.17 1655.5 1660.24 1654.57 1639.93 1623.1 1606.72 1594.16 1583.29 1574.5 1565.81 1561.32 1559.61 1558.44 1558.19 1555.52 1549.86 1543.32 1537.78 1530.39 1521.48 1509.99 1496.39 1481.51 1467.15 1454.68 1442.5 1432.55 1425.7 1420.71 1416.79 1409.85 1400.11 1387.9 1372.99 1355.58 1336.97 1316.8 1296.21 1276.94 1260.34 1246.31 1234.89 1225.02 1218.18 1215.26 1217.54 1226.42 1240.89
1532.4 1538.49 1546.71 1554.53 1559.7 1563.13 1567.55 1574.65 1583.98 1594.59 1606.29 1618.73 1629.46 1636.86 1638.87 1634.97 1633.87 1638.92 1650.68 1659.37 1662.94 1658.7 1646.18 1626.63 1606.36 1590.56 1577.54 1565.86 1558.15 1554.02 1552.2 1550.65 1548.36 1544.04 1539.35 1533.65 1527.02 1518.3 1508.09 1495.71 1481.29 1466.7 1453.61 1441.82 1431.11 1422.15 1415.89 1409.93 1404.98 1396.9 1385.37 1371.35 1353.03 1331.68 1309.87 1286.51 1263.7 1243.22 1226.74 1213.12 1202.22 1192.81 1187.17 1186.22 1191.15 1203.16 1219.84
1523.42 1535.31 1549.8 1562.49 1573.93 1581.96 1590.23 1599.68 1609.11 1618.12 1626.15 1634.71 1639.03 1638.9 1634.53 1628.74 1627.06 1631.11 1641.05 1650.46 1656.4 1654.56 1643.34 1624.94 1603.86 1585.97 1571.73 1559.52 1551.61 1547.22 1545.04 1542.69 1538.69 1533.36 1528.28 1522.87 1514.76 1503.92 1493.18 1480.12 1466.02 1452.74 1440.54 1429.49 1419.49 1411.01 1404.09 1398.34 1392.47 1382.48 1369.54 1352.61 1330.67 1305.59 1281.51 1256.46 1232.97 1213.08 1197.7 1185.32 1175.4 1166.38 1161.42 1161.68 1168.23 1182.17 1199.86
1508.81 1524.68 1542.78 1561.96 1579.89 1595.39 1609.38 1622.26 1632.22 1637.5 1639.11 1639.8 1635.18 1627.64 1619.33 1611.2 1608.96 1613.58 1622.42 1632.29 1640.15 1640.84 1633.57 1617.2 1596.82 1577.62 1561.78 1550.55 1543.31 1538.49 1535.99 1532.84 1526.95 1521.21 1516.88 1510.85 1500.19 1487.8 1476.7 1464.06 1451.07 1438.44 1426.83 1416.21 1406.39 1398.43 1391.86 1384.11 1376.99 1366.2 1352.05 1332.28 1307.77 1280.53 1253.14 1227.2 1204.19 1185.58 1171.57 1161.13 1152.6 1144.02 1139.25 1140.25 1147.59 1162.05 1180.42
1495.64 1513.63 1535.56 1559.12 1581.65 1602.74 1622.57 1639.71 1650.05 1649.55 1642.19 1634.73 1624.73 1613.61 1602.05 1592.34 1588.7 1592.27 1599.86 1610.01 1620.63 1625.7 1620.02 1605.59 1586.05 1566.68 1550.23 1539.85 1532.95 1525.99 1522.01 1517.93 1512.02 1506.46 1502.36 1495.62 1484.39 1471.72 1460.31 1448.25 1435.4 1422.38 1410.95 1400.18 1390.51 1382.46 1376.02 1367.83 1360.05 1348.77 1332.61 1310.32 1283.2 1253.5 1224.39 1198.66 1177.06 1159.74 1147.19 1138.94 1132 1124.09 1119.17 1121.03 1129.04 1143.02 1160.53
1486.27 1506.41 1530.46 1556.11 1581.16 1605.56 1629.23 1649.04 1658.07 1654.2 1640.49 1626.99 1614.29 1600.72 1587.28 1577.13 1570.48 1570.53 1576.61 1586.51 1597.79 1606.27 1604.67 1594.32 1576.18 1557.84 1541.27 1529.7 1521.54 1514.55 1508.78 1502.8 1496.98 1492 1487.46 1479.91 1469.59 1457.55 1444.81 1432.18 1418.13 1404.29 1392.09 1382.1 1373.04 1365.05 1359.26 1352.41 1342.69 1329.67 1310.6 1285.48 1256.08 1225.47 1196.45 1171.47 1151.14 1134.76 1124.04 1117.78 1112.34 1105.56 1101.54 1104.04 1112.94 1125.43 1141.03
1481.5 1502.73 1527.06 1552.78 1578.49 1603.8 1627.94 1647.45 1656.68 1648.22 1633.09 1619.23 1605.48 1590.63 1576.09 1563.66 1554.58 1551.79 1556.84 1565.48 1575.63 1585.32 1588.41 1583.29 1567.64 1550.25 1534.74 1522.7 1513.79 1505.58 1497.79 1489.63 1482.27 1476.77 1471.44 1464.05 1454.75 1442.88 1429.18 1414.91 1399.76 1385.56 1372.98 1363.66 1355.6 1347.69 1341.67 1334.58 1323.09 1307.51 1285.5 1257.91 1227.64 1197.47 1169.86 1146.03 1126.37 1110.85 1101.93 1097.25 1092.86 1086.62 1083.71 1087.51 1096.29 1107.95 1122.01
1479.62 1501.12 1524.36 1548.65 1573.75 1598.29 1620.57 1638.46 1646.6 1640.06 1626.05 1612.02 1598.29 1582.8 1567.71 1554.16 1544.65 1540.47 1542.52 1549.06 1556.87 1564.89 1571.29 1572.65 1562.33 1549.16 1534.2 1522.29 1511.34 1500.13 1488.81 1478.07 1468.46 1461.16 1456.02 1449.34 1440.06 1426.9 1412.76 1397.24 1381.9 1368.48 1357.6 1348.32 1339.81 1332.14 1324.51 1315.38 1301.33 1282.43 1257.78 1229.07 1199.31 1170.97 1145.56 1123.32 1104.29 1089.56 1081.78 1078.04 1074.52 1069.29 1066.3 1070.7 1078.93 1090.39 1103.96
1478.31 1500.25 1522.88 1545.46 1568.76 1591.07 1610.76 1627.36 1636.18 1631.21 1618.8 1604.16 1590.98 1575.55 1560.65 1547.35 1537.07 1531.53 1531.22 1534.82 1538.87 1543.51 1548.97 1554.14 1555.98 1554.55 1542.98 1528.79 1514.53 1499.15 1483.12 1468.54 1456.18 1446.77 1441.39 1435.45 1425.25 1411.81 1396.77 1381.02 1367.16 1356.2 1346.26 1336.19 1326.25 1318.07 1308.31 1295.47 1277.71 1254.94 1228.33 1199.75 1171.92 1146.55 1124.23 1104.5 1086.74 1072.55 1064.98 1061.04 1057.57 1053.11 1049.34 1052.83 1061.29 1073.73 1087.83
1474.38 1497.38 1520.4 1541.72 1563.33 1584.22 1602.51 1618.33 1625.89 1621.32 1609.66 1594.99 1579.95 1564.09 1550.6 1537.76 1527.67 1521.22 1518.82 1519.32 1520.3 1521.95 1526.04 1533.73 1544.74 1553.13 1552.16 1539.39 1522.08 1502.72 1482.35 1463.02 1447.1 1437.16 1430.67 1424.13 1413.94 1399.6 1383.89 1368.82 1357.9 1348.8 1339.17 1326.97 1316 1305.4 1292.29 1274.67 1252.4 1226.61 1199.08 1171.73 1146.48 1124.38 1105.79 1089.61 1074.06 1060.92 1052.77 1047.08 1042.14 1037.53 1034.59 1037.12 1045.02 1057.92 1073.47
1465.04 1488.4 1511.92 1534.28 1556.55 1577.81 1594.71 1610.01 1616.59 1610.66 1597.69 1581.85 1564.32 1547.81 1534.87 1523.16 1514.41 1507.74 1503.97 1502.76 1501.31 1500.64 1503.81 1513.15 1529.64 1548.07 1559.9 1548.8 1531.34 1510.24 1486.68 1463.5 1444.58 1432.47 1424.03 1416.46 1405.26 1391.27 1376.84 1363.09 1353.65 1345.74 1336.63 1322.7 1308.5 1293.68 1275.64 1253.44 1227.5 1199.61 1171.92 1146.11 1123.17 1103.79 1088.18 1074.46 1060.9 1048.96 1039.91 1033.63 1027.63 1022.7 1020.92 1023.6 1031.51 1043.94 1060.34
1453.58 1476.6 1499.8 1522.82 1546.41 1569.45 1588.76 1602.29 1606.02 1597.76 1581.82 1564.13 1545.51 1528.29 1515.4 1504.74 1496.63 1490.63 1487.6 1483.87 1480.48 1479.34 1482.83 1493.61 1512.51 1534.51 1551.07 1551.29 1540.29 1519.52 1494 1468.5 1447.13 1432.21 1420.94 1411.67 1400.67 1387.82 1374.91 1361.81 1352.4 1344.43 1335.05 1319.32 1300.96 1281.19 1258.63 1232.44 1203.83 1174.96 1147.84 1123.41 1102.12 1084.57 1070.96 1058.9 1047.25 1035.93 1025.58 1018.39 1012.78 1009.57 1009.66 1013.7 1021.18 1033.27 1049.76
1444.32 1466.01 1488.3 1510.94 1534.31 1557.78 1578.61 1592.98 1595.24 1583.93 1564.45 1545.09 1525 1507.24 1493.99 1484.14 1476.55 1471.72 1468.3 1463.96 1459.89 1459.32 1464.47 1477.51 1497.61 1521.19 1539.95 1545.57 1546.77 1528.49 1502.87 1476.69 1453.63 1436.01 1422.11 1411.42 1400.93 1390.41 1376.78 1362.47 1351.66 1342.22 1331.54 1314.04 1292.39 1268.77 1242.54 1213.26 1182.99 1153.86 1127.45 1104.09 1083.75 1067.29 1054.89 1043.62 1033.38 1022.1 1011.59 1003.11 997.961 996.842 999.111 1004.75 1013.33 1025.79 1043.05
