TauDEM/taudem1.0/test.asc
ncols         296
nrows         233
xllcorner     2438224.25
yllcorner     5855081
cellsize      30
NODATA_value  -9999
[rows 30 to 59 of 233, columns 67 to 133 of 296]
1045.22 1030.85 1018.04 1007.01 999.052 992.766 988.759 990.68 997.847 1006.59 1015.51 1024.08 1034.34 1044.88 1054.93 1063.23 1070.61 1076.13 1079.18 1081.74 1086.42 1094.69 1103.64 1112.83 1123.08 1135.82 1148.48 1158.05 1168.64 1177.55 1186.7 1197.89 1208.87 1218.86 1227.68 1234.84 1240.25 1246.29 1250.99 1255.47 1261.71 1270.43 1279.74 1288.1 1294.36 1299.32 1302.78 1310.22 1318.41 1327.42 1340.75 1354.15 1363.92 1371.71 1381.14 1394.43 1412.76 1434.78 1456.88 1476.02 1489.35 1496.08 1498.04 1498.25 1500.01 1504.7 1514.4
1034.72 1021.29 1009.73 1001.02 998.368 998.365 998.968 1003.24 1012.18 1023.08 1034.85 1045.75 1057.68 1068.61 1077.66 1084.87 1091.19 1095.73 1098.94 1102.06 1107.43 1116.33 1125.39 1132.8 1140.79 1151.77 1163.88 1174.13 1183.08 1191.29 1199.78 1209.29 1218.78 1227.81 1236.88 1244.79 1251.71 1258.09 1262.3 1265.87 1272.11 1280.24 1288.94 1296.71 1301.66 1306.45 1309.99 1315.39 1322.64 1332.92 1346.16 1360.51 1372.45 1381.64 1392.42 1406.79 1426.76 1450.61 1474.79 1495.49 1509.33 1515.05 1514.79 1511.85 1512.44 1516.15 1523.01
1027.61 1016.9 1007.66 1002.04 1003.59 1007.28 1011.57 1018.67 1029.06 1041.48 1055.06 1067.74 1080.85 1091.75 1099.1 1104.28 1108.79 1113.21 1117.97 1122.49 1128.66 1137.08 1144.96 1151.81 1157.18 1166.97 1178.53 1187.87 1195.6 1203.2 1210.71 1218.44 1225.79 1233.48 1241.98 1251.96 1260.99 1268.99 1275.04 1278.97 1284.1 1291.29 1298.96 1305.53 1310.96 1316.44 1320.16 1324.65 1332.21 1342.96 1356.39 1370.04 1382.23 1392.68 1404.48 1419.85 1440.78 1465.31 1490.73 1513.39 1529.33 1536.23 1535.73 1530.66 1528.14 1528.8 1533.47
1024.28 1016.7 1012.42 1012.56 1018.26 1022.41 1028.01 1036.74 1047.67 1060.76 1075.16 1088.82 1101.77 1112.49 1118.73 1122.31 1125.5 1130.17 1136.88 1143.12 1150.28 1157.3 1163.6 1170.31 1175.56 1183.97 1193.94 1201.54 1207.72 1215.19 1220.3 1225.58 1231.54 1238.74 1247.67 1259.45 1269.94 1278.69 1285.33 1290.87 1297.06 1303.29 1309.72 1315.2 1320.67 1326.55 1332.31 1338.2 1345.48 1356.39 1369.21 1382.76 1395.49 1405.87 1418.12 1434.2 1454.62 1478.78 1504.02 1527.33 1544.85 1554.86 1556.83 1552.38 1548.86 1546.96 1547.26
1027.86 1023.39 1023.11 1026.75 1034.45 1041.53 1049 1058.54 1067.79 1080.08 1093.96 1107.48 1120.3 1130.71 1136.88 1140.56 1143.83 1149.15 1156.29 1163.5 1171.2 1176.31 1180.9 1186.92 1193.59 1200.83 1208.56 1215.5 1220.71 1226.05 1228.77 1232.12 1237.71 1245.95 1257.18 1268.73 1278.88 1287.03 1293.87 1300.67 1308.43 1316.08 1321.91 1326.45 1331.92 1337.94 1344.91 1353.06 1360.95 1371.16 1383.8 1397.85 1410.82 1421.49 1433.69 1448.48 1467.23 1489.59 1513.49 1535.65 1552 1566.84 1573.61 1571.98 1569.55 1566.38 1562.54
1037.79 1038.23 1041.24 1046.84 1055.48 1064.11 1072.61 1081.44 1088.56 1098.98 1111.29 1124.51 1137.22 1146.48 1153.45 1158.69 1162.58 1167.74 1174.7 1182.4 1189.88 1193.51 1196.04 1201.19 1208.23 1215.3 1221.02 1226.59 1231.69 1236.08 1236.13 1238.44 1245.16 1256.1 1267.65 1278.38 1287.07 1294.16 1300.62 1308.21 1317.46 1327.16 1335.55 1341.27 1346.23 1352.28 1360.34 1368.65 1377.24 1386.83 1399.55 1413.24 1425.48 1436.42 1447.52 1460.6 1476.99 1496.46 1517.44 1538.02 1555.99 1572.16 1579.37 1579.83 1578.38 1574.39 1567.61
1051.6 1057.16 1063.63 1070.44 1078.59 1087.16 1095.77 1103.22 1109.04 1117.43 1128.32 1141.78 1154.59 1163.48 1170.55 1177.25 1181.45 1185.68 1192.02 1199.49 1205.79 1209.24 1209.03 1213.77 1220.76 1226.72 1231.43 1235.44 1239.73 1242.62 1241.83 1244.82 1254.51 1266.25 1277.69 1286.98 1294.17 1299.9 1305.48 1312.58 1322.24 1335.3 1347.27 1356.99 1364.08 1371.53 1379.19 1386.39 1394.49 1403.9 1415.84 1428.33 1440.24 1450.7 1460.77 1471.71 1484.67 1500.32 1517.2 1533.92 1551.93 1566.05 1571.92 1568.17 1563.16 1557.55 1551.01
1071.38 1078.98 1087.33 1094.74 1102.02 1109.86 1118.22 1125.25 1129.82 1135.19 1145.87 1159.25 1172.02 1181.48 1189.38 1196.46 1200.46 1203.66 1208.54 1215.01 1220.17 1221.88 1221.93 1225.8 1232.92 1237.35 1241.31 1243.42 1247.07 1249.87 1250.05 1253.76 1263.05 1275.29 1286.01 1294.11 1299.69 1303.73 1308.08 1314.31 1323.95 1339.3 1355.66 1370.35 1381.29 1391.42 1399.78 1407.02 1414.54 1422.74 1432.94 1444.69 1456.8 1466.76 1475.96 1484.8 1494.92 1506.24 1518.89 1531.64 1546.14 1554.77 1555.36 1548.8 1541.8 1534.83 1528.7
1094.23 1101.92 1110.41 1118.26 1125.12 1131.73 1139.47 1146.01 1149.93 1153.66 1163.3 1175.06 1186.86 1197.48 1206.32 1213.68 1217.65 1220.23 1223.49 1227.61 1232.85 1233.04 1233.54 1237.56 1242.94 1247.36 1252.91 1253.55 1255.27 1257.91 1257.84 1262.07 1271.27 1282.3 1292.72 1299.45 1303 1305.56 1308.85 1314.35 1323.8 1339.99 1358.7 1377.19 1393.42 1407.22 1419.11 1428.67 1436.08 1443.21 1451.76 1463.46 1476.04 1486.43 1494.79 1502.27 1509.89 1518.18 1525.77 1534.64 1540.94 1542.38 1536.57 1528.02 1520.78 1514.23 1508.03
1117.26 1125.3 1133.85 1141.97 1149.04 1154.27 1159.14 1162.36 1165.74 1169.77 1176.67 1186.18 1197.37 1208.78 1218.19 1225.18 1229.8 1233.06 1236.57 1239.01 1241.13 1240.9 1241.87 1246.55 1252.69 1258.87 1263.33 1262.61 1262.61 1264.77 1264.39 1270.19 1278.81 1288.59 1297.96 1302.22 1304.14 1305.75 1308.44 1313.5 1322.61 1338.37 1357.6 1378.46 1398.76 1417.54 1434.45 1448.06 1457.52 1464.75 1472.7 1484.06 1496.69 1507.53 1516.2 1522.97 1529.5 1534.42 1536.6 1539.44 1537.01 1528.65 1518.55 1508.43 1501.42 1496.09 1490.7
1140.75 1149.23 1157.74 1165.57 1172.54 1176.31 1177.7 1177.16 1178.65 1181.26 1185.93 1193.02 1202.66 1215.27 1224.45 1231.57 1236.81 1240.06 1243.05 1245.42 1247.28 1247.91 1249.52 1254.17 1261.14 1269.22 1274.6 1273.23 1271.99 1272.36 1273.13 1277.84 1283.77 1291.43 1298.99 1302.05 1303.31 1304.85 1307.64 1312.58 1321.12 1335.33 1353.58 1375.83 1399 1421.46 1442.57 1460.32 1474.5 1484.37 1493.33 1504.43 1516.61 1527.54 1536.09 1542.28 1547.96 1550.07 1543.38 1537.96 1528.39 1514.79 1501.18 1490.19 1483.32 1478.87 1474.76
1164.16 1172.22 1179.95 1187.09 1192.68 1194.67 1193.5 1189.31 1189.16 1190.43 1193.14 1197.93 1205.54 1217.47 1226.3 1233.52 1239.36 1242.16 1245.02 1248.18 1251.28 1252.93 1254.81 1259.51 1267.44 1276.75 1282.07 1281.83 1280.86 1280.29 1280.15 1282.06 1285.66 1291.06 1296.4 1299.77 1301.44 1303.93 1307.52 1312.76 1320.76 1333.35 1349.64 1371.7 1396.43 1420.88 1444 1465.38 1483.96 1497.06 1509.24 1521.61 1533.27 1543.47 1550.87 1555.51 1559.08 1556.78 1545.16 1532.4 1516.52 1499.06 1483.04 1471.41 1465.26 1461.83 1458.72
1184.85 1191.47 1198.6 1204.2 1207.56 1207.95 1206.34 1202.39 1200.1 1199.79 1200.97 1204.23 1210.45 1218.86 1225.81 1231.99 1237 1240.07 1243.27 1248.05 1252.75 1256.05 1257.87 1262.11 1270.8 1280.56 1288.84 1290.99 1290.58 1289.13 1287.2 1286.54 1287.36 1290.79 1294.28 1297.45 1300.32 1304.48 1309.34 1315.35 1323.4 1335.03 1349.43 1369.59 1393.88 1418.61 1441.61 1463.21 1483.57 1501.46 1518.26 1533.26 1544.55 1554.15 1559.56 1560.24 1559.36 1551.49 1537 1519.7 1500.68 1481.58 1464.67 1452.67 1447.17 1445.59 1443.43
1203.6 1207.94 1214.28 1218.36 1220.13 1219.98 1218.37 1215.07 1210.99 1210.01 1211.3 1214.78 1217.02 1220.8 1225.47 1230.33 1234.67 1237.81 1240.91 1247.85 1254.24 1258.29 1261.32 1266.81 1274.89 1284.12 1293.88 1299.3 1300.01 1298.18 1294.59 1292.64 1292.4 1293.93 1296.36 1299.94 1303.77 1308.11 1313.66 1320.78 1330.47 1341.2 1354.3 1371.81 1393.96 1416.85 1437.92 1458.24 1479.47 1500.13 1520.05 1537.05 1548.88 1559.09 1562.71 1560.2 1553.03 1540.15 1522.76 1503.49 1483.73 1464.93 1448.75 1437.84 1432.44 1430.91 1430.02
1221.66 1223.7 1227.27 1229.76 1230.69 1230.01 1227.57 1224.19 1220.84 1219.95 1221.05 1224.19 1224.74 1226.48 1228.69 1231.33 1235.12 1238.53 1242.28 1250.99 1259.08 1263.98 1268.75 1274.28 1281.87 1291.39 1301.14 1308.1 1309.12 1306.2 1301.9 1300.01 1299.61 1300.13 1301.74 1305.72 1309.87 1313.25 1318.68 1326.4 1336.9 1347.81 1359.89 1376.26 1395.62 1415.29 1433.53 1452.2 1472.85 1494.4 1516.35 1535.21 1548.5 1558.03 1560.24 1555.27 1543.12 1526.45 1507.24 1487.69 1468.6 1451.14 1435.94 1424.39 1418.55 1416.73 1416.38
1239.52 1239.14 1239.74 1240.44 1240.64 1239.58 1236.1 1232.73 1230.42 1229.86 1231.06 1235.29 1235.97 1234.53 1234.49 1235.87 1239.09 1241.41 1247.65 1257.47 1267.25 1274.56 1279.14 1284.1 1291.67 1300.9 1310.53 1317.84 1319.12 1315.35 1311.2 1309.16 1308.75 1309.4 1311.12 1314.04 1317.21 1317.71 1321.32 1329.23 1339.02 1348.92 1361.05 1376.81 1394.14 1411.38 1427.46 1444.68 1464.48 1485.73 1507.62 1527.34 1541.01 1548.84 1550.66 1543.76 1530.58 1512.88 1493.33 1474.71 1456.56 1439.46 1424.18 1412.08 1404.1 1400.56 1399.6
1256.07 1253.01 1251.63 1251.42 1251.35 1250.05 1245.26 1241.77 1240.07 1239.65 1240.13 1241.9 1241.79 1240.2 1239.74 1240.21 1242.91 1246.64 1253.51 1263.09 1274.53 1282.23 1288.42 1295.23 1302.66 1311.59 1320.9 1328.18 1330.06 1325.44 1321.41 1319.53 1319.31 1320.24 1321.89 1322.59 1321.85 1321.31 1324.85 1331.36 1338.91 1346.67 1358.21 1372.71 1388.19 1404.03 1419.83 1436.72 1456.09 1476.34 1496.61 1515.45 1528.59 1533.8 1533.9 1528.19 1515.68 1499.07 1481.03 1463.1 1445.3 1428.69 1413.75 1400.59 1390.77 1384.47 1381.77
1270.52 1265.7 1263.56 1263.09 1262.94 1261.62 1257.61 1253.13 1250.49 1249.14 1248.05 1247.55 1246.31 1244.63 1243.83 1244.46 1247.09 1251.54 1258.59 1267.7 1278.41 1287.29 1295.2 1303.45 1313.28 1322.49 1332.34 1340.13 1342.14 1338.57 1333.68 1330.84 1330.25 1331.7 1334.55 1334.56 1331.14 1328.68 1329.96 1334.15 1338.07 1342.87 1353.03 1365.86 1381.75 1398.06 1413.03 1428.5 1447.26 1466.1 1483.62 1499.92 1512.12 1517.4 1515.67 1508.36 1497.1 1482.84 1467.53 1451.33 1433.99 1417.1 1401.83 1388.62 1377.79 1369.69 1364.54
1284.95 1280.24 1277.81 1276.96 1276.41 1274.48 1269.58 1264.36 1260.94 1258.57 1255.46 1253.18 1250.65 1248.46 1247.53 1248.36 1251.12 1255.52 1261.76 1270.62 1280.72 1291.4 1301.31 1311.45 1322.14 1333.23 1344.58 1354.4 1357.43 1353.44 1347.34 1343.35 1341.33 1341.27 1342.26 1341.43 1338.67 1335.43 1335.56 1338.77 1340.11 1343.71 1351.68 1363.25 1379.21 1395.69 1409.99 1424.38 1441.6 1458.71 1473.25 1486.06 1495.26 1497.47 1492.97 1485.13 1475.43 1463.87 1451.02 1435.87 1419.22 1402.97 1388.72 1375.83 1364.17 1355.33 1348.14
1300.6 1294.34 1289.91 1287.2 1285.43 1283.06 1279.75 1276.08 1271.61 1267.66 1262.7 1259.27 1255.23 1252.13 1250.91 1251.98 1255.27 1259.98 1266.42 1274.42 1284.06 1296.48 1308.3 1319.73 1331.39 1343.83 1357.21 1368.62 1373.85 1370.26 1364.52 1359.4 1354.72 1352.01 1349.97 1347.3 1344.06 1340.96 1340.63 1342.52 1344.1 1347.63 1354.84 1365.93 1381.52 1397.69 1412.08 1426.23 1442.31 1457.65 1469.11 1479.49 1483.32 1479.65 1471.32 1462.03 1452.24 1442.34 1430.95 1417.24 1402.06 1387.35 1374.6 1362.09 1350.79 1341.18 1333.28
1316.61 1307.57 1300.66 1295.73 1293.04 1290.84 1287.85 1284.72 1281.13 1277.67 1272 1266.25 1260.38 1255.95 1254.04 1255.19 1259.09 1264.27 1271.49 1279.36 1289.55 1302.06 1315.67 1327.86 1340.21 1353.85 1368.15 1381.62 1389.16 1388.36 1383.5 1377.38 1369.52 1363.88 1359.37 1354.87 1351.49 1349.33 1348.98 1349.97 1351.64 1355.45 1363.11 1375.04 1389.87 1405.06 1419.86 1435.03 1450.71 1465.25 1476.45 1481.19 1478.47 1467.53 1455 1442.2 1430.31 1419.88 1409.02 1397.32 1384.42 1371.81 1359.83 1348.46 1337.61 1327.74 1318.97
1330.69 1320.72 1311.28 1303.82 1300.49 1298.43 1295.15 1292.72 1290.53 1287.61 1281.97 1274.58 1266.99 1260.66 1257.33 1257.97 1260.94 1267.36 1275.28 1284.24 1296.18 1309.29 1323.31 1335.65 1347.98 1362.17 1377.38 1391.24 1397.27 1401.62 1401.04 1396.13 1387.3 1379.46 1371.83 1365.44 1362.18 1360.99 1361.16 1362.12 1363.94 1367.99 1376.53 1388.44 1402.09 1416.65 1431.58 1447.44 1464.43 1479.52 1489.02 1488.2 1478.56 1462.14 1444.36 1427.5 1412.97 1400.18 1388.53 1378.26 1367.78 1356.71 1345.3 1334.96 1324.13 1314.56 1304.89
1339.02 1330.83 1321.4 1313.58 1309.06 1305.66 1302.32 1300.96 1300.22 1298.49 1293.53 1284.39 1275.34 1267.59 1261.78 1261.05 1265.18 1272.26 1281.02 1292.01 1305.57 1320.36 1333.37 1343.58 1355.52 1367.35 1380.43 1393.8 1403.02 1411.44 1415.42 1412.88 1405.09 1396.66 1387.21 1380.6 1377.19 1376.47 1377.65 1379.66 1382.45 1386.49 1393.87 1404.27 1416.98 1430.86 1446.53 1463.87 1482.25 1497.14 1504.61 1498.06 1481.99 1461.01 1439.01 1418.39 1400.16 1384.48 1371.7 1361.18 1352.28 1342.12 1331.9 1321.77 1311.53 1301.56 1291.89
1344.06 1338.55 1330.67 1323.06 1318.65 1314.85 1312.43 1311.24 1310.4 1308.43 1303.32 1295.12 1285.06 1277.05 1270.42 1268.53 1271.97 1278.9 1287.97 1299.98 1315.27 1330.37 1340.1 1348.01 1357.42 1366.38 1376.86 1388.5 1401.8 1414.78 1421.68 1422.91 1418.58 1412.99 1403.91 1396.79 1392.3 1391.89 1395.1 1399.42 1404.2 1408.18 1413.39 1421.8 1433.51 1447.08 1463.91 1483.25 1501.82 1514.77 1516.24 1506.51 1486.3 1461.65 1435.96 1412.05 1390.8 1372.64 1357.74 1345.78 1337.12 1328.5 1319.53 1310.08 1300.19 1290.19 1280.25
1347 1343.69 1338.67 1332.78 1328.78 1325.27 1323.6 1322.47 1320.81 1318.08 1312.14 1304.09 1294.98 1285.89 1278.97 1275.88 1278.87 1284.84 1293.61 1304.85 1319.61 1333.62 1341.28 1346.48 1353.11 1360.81 1370.42 1382.22 1396.63 1411.22 1422.92 1430.31 1432.81 1427.95 1419.52 1411.9 1407.02 1407 1411.81 1418.69 1425.2 1429.06 1432.56 1439.72 1450.67 1465.22 1483.37 1502.89 1519.88 1529.57 1526.77 1513.36 1490.27 1462.85 1434.56 1407.82 1384.1 1363.52 1346.23 1332.98 1323.21 1315.62 1307.65 1299.05 1289.64 1279.8 1269.77
1348.84 1347.2 1344.5 1341.33 1339.93 1338.82 1337.62 1335.34 1331.22 1326.34 1319.78 1311.61 1302.3 1293.45 1286.12 1282.03 1284.22 1289.77 1298.15 1308.19 1319.97 1330.6 1338 1341.38 1346.81 1354.46 1363.54 1375.53 1390.29 1406.22 1421.36 1432.91 1439.44 1438.05 1432.02 1426.59 1424.03 1424.56 1429.22 1436.9 1442.81 1446.4 1450.06 1457.21 1468.13 1483.81 1502.15 1519.89 1532.06 1532.96 1529.77 1514.67 1490.85 1462.73 1433.51 1405.29 1379.8 1357.35 1337.87 1322.28 1311.03 1302.55 1295.53 1287.67 1279.01 1269.6 1259.84
1350.22 1349.87 1349.41 1349.24 1350.02 1350.42 1348.67 1344.12 1339.33 1333.62 1327.1 1319.68 1311.18 1302.51 1295 1290.73 1291.07 1294.67 1301.29 1310.19 1319.25 1326.53 1333.12 1338.06 1342.25 1350.39 1359.36 1369.25 1385.2 1403.25 1419.53 1431.85 1439.56 1441.21 1440.54 1441.32 1442.26 1443.69 1448.38 1455.68 1460.65 1463.58 1467.05 1474.59 1486.37 1502.17 1518.75 1532.86 1539.06 1536.05 1523.39 1509.43 1487.12 1459.86 1430.89 1401.95 1374.94 1350.92 1329.64 1312.54 1299.9 1290.29 1282.43 1275.48 1267.6 1259.05 1249.94
1351.09 1351.62 1352.72 1354.64 1357.2 1358.92 1357.09 1350.45 1345.87 1340.58 1334.87 1328.93 1322.05 1314.49 1306.1 1301.25 1299.84 1301.31 1306.46 1313.51 1320.2 1326.42 1332.8 1338.93 1343.09 1349.72 1357.93 1368.09 1384.4 1402.8 1417.64 1428.55 1435.92 1440.26 1445 1452.61 1456.15 1460.8 1466.93 1474.12 1479.43 1482.8 1486.24 1493.33 1505.45 1519.76 1531.71 1539.74 1540.86 1534.2 1519.33 1502.25 1480.21 1453.64 1424.67 1395.2 1367.25 1342.36 1320.54 1302.84 1289.54 1278.98 1270.05 1262.3 1255.48 1247.85 1239.78
1351.65 1352.57 1354.21 1356.84 1359.88 1360.74 1360.52 1357.9 1353.48 1349 1344.02 1339.71 1334.66 1327.49 1320.14 1314.34 1310.91 1310.47 1313.44 1318.69 1323.16 1328.02 1333.65 1339.56 1344.72 1351.38 1359.86 1371.24 1385.68 1401.02 1414.51 1423.92 1431.03 1437.15 1443.94 1455.03 1463.71 1473.07 1480.59 1488.91 1497.05 1502.92 1507.43 1514.51 1525.53 1536.72 1541.79 1542.39 1537.65 1526.18 1510.73 1492.87 1471.19 1445.39 1416.74 1387.12 1358.89 1333.8 1311.87 1294.41 1280.78 1269.19 1259.36 1250.56 1243.18 1236.72 1229.24
1353.51 1353.41 1354.73 1356.91 1359.42 1360.12 1362.36 1362.73 1361 1359.01 1355.92 1351.39 1346.45 1340.28 1334.26 1327.88 1322.78 1320.39 1320.86 1323.82 1326.93 1330.63 1335.48 1340.65 1346.91 1354.08 1362.23 1373.66 1384.72 1397.38 1408.6 1418.41 1426.55 1435.47 1445.07 1458.28 1469.9 1480.11 1489.09 1499.14 1510.87 1520.12 1527.93 1535.79 1544.47 1551.58 1549.53 1541.43 1530.2 1515.62 1498.66 1480.11 1459.15 1434.8 1407.06 1377.82 1350.04 1325.52 1304.46 1287.81 1274.83 1262.32 1251.93 1242.37 1234.78 1227.37 1220.36
